1 0.38839816933638444 0.4119718309859155 0.20700228832951945 0.04366197183098592
1 0.2977803203661327 0.5661971830985916 0.025766590389016016 0.04225352112676056
1 0.6240503432494279 0.5683098591549296 0.13473684210526315 0.05211267605633803
1 0.451533180778032 0.5704225352112676 0.05691075514874142 0.04507042253521127
1 0.3732723112128147 0.5725352112676056 0.057803203661327233 0.04366197183098592
0 0.8318077803203662 0.6894366197183099 0.21899313501144166 0.4492957746478873
1 0.5870022883295194 0.6985915492957747 0.22350114416475972 0.05352112676056338
1 0.3769336384439359 0.7028169014084507 0.15482837528604118 0.056338028169014086
0 0.16276887871853546 0.823943661971831 0.06874141876430205 0.15492957746478872
1 0.45750572082379865 0.8619718309859156 0.3470480549199085 0.09014084507042254
1 0.42501144164759724 0.2697183098591549 0.27839816933638445 0.04647887323943662