1 0.44427777777777777 0.5038495575221239 0.21072222222222223 0.059955752212389385
0 0.18355555555555556 0.5223893805309735 0.2590277777777778 0.5166814159292035
1 0.3618333333333333 0.6051769911504425 0.04583333333333333 0.06278761061946903
1 0.6310833333333333 0.6073451327433628 0.21344444444444446 0.05283185840707964
0 0.85775 0.7029646017699115 0.08266666666666667 0.15557522123893805
1 0.4469722222222222 0.7100884955752212 0.21072222222222223 0.049955752212389376
1 0.4447222222222222 0.8142920353982301 0.21161111111111114 0.06424778761061947
1 0.8259444444444444 0.8899557522123893 0.1821111111111111 0.07849557522123893
1 0.24986111111111112 0.9170796460176991 0.3916388888888889 0.05853982300884956
1 0.3837777777777778 0.2961946902654867 0.09511111111111112 0.05566371681415929
1 0.42141666666666666 0.400353982300885 0.16858333333333334 0.05853982300884956