1 0.48369381279746165 0.4541036356038446 0.16848757271285036 0.044575846218136234
0 0.19728979375991537 0.5348934391976599 0.3076679005817028 0.5989678228165483
1 0.48016922263352724 0.5460384454659424 0.16143839238498148 0.05014625992478061
1 0.5312876784769963 0.6351859590472211 0.2619143310417768 0.05014625992478061
1 0.5326097303014278 0.727818637693272 0.2716076150185087 0.07939824488090264
1 0.48149127445795875 0.8336815712494776 0.16055526176626125 0.04875470121186795
1 0.8005103120042306 0.8483075637275387 0.12537546271813854 0.0612912661930631
1 0.48061078794288736 0.927007939824488 0.15879428873611845 0.04875470121186795
1 0.5524405076679005 0.23471374843292936 0.3077445795875199 0.04318010865022984
1 0.5524405076679005 0.2855536982866695 0.3095055526176626 0.03900125365649812
1 0.5467133791644633 0.3656498119515253 0.2980486515071391 0.05711241119933138