1 0.44943741209564 0.2603076923076923 0.17035161744022503 0.04259340659340659
1 0.45338959212376934 0.3811868131868132 0.17651195499296765 0.04534065934065934
1 0.48459915611814347 0.4945054945054945 0.24241912798874826 0.03296703296703297
1 0.8221097046413501 0.502065934065934 0.25817158931082984 0.0370989010989011
0 0.19853727144866384 0.603032967032967 0.28755274261603375 0.6126373626373627
1 0.4815189873417722 0.6270549450549451 0.23803094233473981 0.02885714285714286
1 0.7087341772151899 0.6311868131868131 0.027918424753867795 0.0370989010989011
0 0.8462869198312237 0.6806373626373626 0.11313642756680731 0.20468131868131867
1 0.4920675105485232 0.7349010989010989 0.25209563994374123 0.03021978021978022
1 0.4410970464135021 0.8351648351648352 0.1518987341772152 0.03296703296703297
1 0.8691420534458509 0.9601758241758241 0.16938115330520395 0.03571428571428571