1 0.5183127572016462 0.1934782608695652 0.18228395061728395 0.0536231884057971
1 0.8809259259259259 0.23768115942028986 0.19161522633744857 0.04057971014492753
1 0.34136831275720164 0.2753623188405797 0.1287448559670782 0.057971014492753624
1 0.20661522633744858 0.2768115942028985 0.13078189300411522 0.05217391304347826
1 0.8870884773662552 0.29492753623188406 0.11137860082304528 0.050724637681159424
1 0.23645061728395064 0.3471014492753623 0.19045267489711934 0.0536231884057971
1 0.22770576131687245 0.4326086956521739 0.22645061728395063 0.13478260869565217
1 0.43241769547325104 0.5746376811594203 0.3231893004115226 0.09130434782608696
0 0.8145781893004115 0.6297101449275362 0.3613374485596708 0.6130434782608696
1 0.43396090534979426 0.7260869565217392 0.3201028806584362 0.0927536231884058
1 0.44424897119341566 0.8760869565217392 0.35919753086419753 0.07971014492753623