1 0.51672760511883 0.3584770114942529 0.34018281535649 0.05028735632183908
1 0.41526508226691045 0.4561781609195402 0.12811700182815355 0.04454022988505747
1 0.5843510054844606 0.45905172413793105 0.016636197440585008 0.04454022988505747
0 0.8690493601462523 0.48563218390804597 0.10170018281535649 0.16091954022988506
0 0.1890676416819013 0.5093390804597702 0.26606946983546614 0.5732758620689655
1 0.43354661791590493 0.5538793103448276 0.17016453382084096 0.04454022988505747
1 0.6510786106032906 0.5567528735632183 0.1482632541133455 0.041666666666666664
1 0.6611334552102376 0.6522988505747126 0.17385740402193783 0.04885057471264368
1 0.42623400365630715 0.6530172413793104 0.15371115173674588 0.05028735632183908
1 0.5427787934186471 0.8139367816091954 0.3922851919561243 0.16235632183908047
1 0.18449725776965265 0.8836206896551724 0.28069469835466176 0.07183908045977011
1 0.41389396709323584 0.21264367816091953 0.13451553930530163 0.05172413793103448
1 0.39744058500914076 0.2686781609195402 0.10343692870201096 0.05172413793103448