1 0.3202 0.2777720207253886 0.2380833333333333 0.04318652849740933
1 0.37205 0.36414507772020727 0.06403333333333333 0.04606217616580311
1 0.3789833333333333 0.4389637305699482 0.07791666666666666 0.04318652849740933
1 0.6285166666666667 0.5325388601036269 0.5732833333333334 0.037409326424870465
0 0.19846666666666665 0.5922538860103628 0.2500833333333334 0.5368393782383419
1 0.3484333333333333 0.6267875647668394 0.016816666666666667 0.041735751295336784
1 0.5127666666666667 0.6275129533678756 0.047400000000000005 0.037409326424870465
1 0.6808000000000001 0.6311139896373057 0.037250000000000005 0.038860103626943004
1 0.7210833333333333 0.709559585492228 0.1141 0.031658031088082905
1 0.39704999999999996 0.7124352331606217 0.11958333333333333 0.04318652849740933
1 0.8558 0.7642487046632125 0.17246666666666668 0.07484455958549223
1 0.43036666666666673 0.8469948186528498 0.10848333333333333 0.08492227979274612