1 0.35778846153846156 0.20686453576864536 0.0753076923076923 0.05395738203957382
1 0.37308653846153844 0.29403348554033487 0.10415384615384615 0.05395738203957382
1 0.4591826923076923 0.3791324200913242 0.2780961538461539 0.05258751902587518
1 0.7502307692307693 0.38120243531202436 0.16628846153846152 0.05395738203957382
0 0.18735576923076921 0.3971232876712329 0.22559615384615386 0.4898325722983257
0 0.8988173076923077 0.4607762557077626 0.09639423076923077 0.20202435312024353
1 0.36915384615384617 0.47045662100456614 0.09802884615384616 0.049817351598173513
1 0.4084903846153846 0.5569406392694064 0.17495192307692306 0.051202435312024355
1 0.674625 0.5569406392694064 0.020307692307692308 0.045662100456621
1 0.7642211538461539 0.6420395738203958 0.19775961538461537 0.05811263318112633
1 0.4067403846153846 0.642724505327245 0.17495192307692306 0.05395738203957382
1 0.7685865384615385 0.7285235920852359 0.2099903846153846 0.06503805175038051
1 0.34511538461538466 0.7312785388127854 0.046461538461538464 0.051202435312024355
1 0.1681346153846154 0.7568797564687976 0.2133557692307692 0.08855403348554033