1 0.5098344370860928 0.18598615916955016 0.18596026490066225 0.04325259515570934
2 0.5898565121412803 0.22851211072664362 0.342317880794702 0.024515570934256055
1 0.5746467991169978 0.26673010380622836 0.31526490066225166 0.04325259515570934
2 0.5033995584988963 0.31069204152249136 0.167560706401766 0.03027681660899654
1 0.4288962472406181 0.35107266435986156 0.018233995584988963 0.04757785467128028
2 0.9135871964679912 0.41017301038062287 0.13270419426048566 0.07064013840830449
2 0.5185761589403973 0.4130622837370242 0.19607064017660042 0.06198961937716263
0 0.7595364238410596 0.4411764705882353 0.12806843267108167 0.25951557093425603
1 0.5438741721854304 0.47288927335640135 0.2503421633554084 0.04614186851211073
1 0.9039293598233996 0.4743425605536332 0.11338852097130243 0.04901384083044982
2 0.5277704194260486 0.5363321799307958 0.2144701986754967 0.06055363321799308
0 0.22519867549668873 0.5694982698961938 0.36707505518763794 0.7525951557093425
1 0.5107615894039735 0.5918339100346021 0.1822737306843267 0.04181660899653979
2 0.5236313465783665 0.6509515570934256 0.20986754966887416 0.05911764705882353
2 0.8496688741721854 0.6740138408304498 0.2494922737306843 0.1254325259515571
2 0.3070529801324503 0.07064013840830449 0.3486975717439294 0.0547923875432526
1 0.5480132450331126 0.7136678200692042 0.2494260485651214 0.04901384083044982
2 0.5935430463576159 0.7677335640138409 0.34600441501103757 0.027387543252595157
2 0.7885209713024283 0.08001730103806229 0.3607615894039735 0.05046712802768166
2 0.8170088300220751 0.8311764705882353 0.03887417218543046 0.027387543252595157
1 0.5480132450331126 0.855674740484429 0.25677704194260487 0.1254325259515571
1 0.8864569536423841 0.880916955017301 0.1796026490066225 0.07209342560553633
2 0.8763355408388521 0.12038062283737024 0.17039735099337747 0.04468858131487889
2 0.18839955849889625 0.12183391003460207 0.11139072847682119 0.05333910034602076
2 0.5852649006622517 0.14778546712802768 0.3349668874172186 0.027387543252595157