1 0.4583741429970617 0.2470142180094787 0.12569049951028405 0.0631911532385466
1 0.4601567091087169 0.3461137440758294 0.12569049951028405 0.057440758293838864
1 0.45214495592556314 0.3999684044233807 0.09898139079333987 0.04739336492890995
1 0.8665817825661116 0.4983412322274881 0.1996767874632713 0.04595576619273302
1 0.409843290891283 0.49906793048973147 0.025083251714005876 0.056003159557661934
1 0.5558570029382958 0.49906793048973147 0.06606268364348677 0.0531437598736177
0 0.19931439764936337 0.5816429699842022 0.3588932419196866 0.7697788309636651
1 0.5264936336924584 0.6031911532385466 0.2547992164544564 0.048830963665086886
1 0.48864838393731636 0.7116113744075829 0.18802154750244857 0.056003159557661934
1 0.8656904995102841 0.7116113744075829 0.20145935357492653 0.0588783570300158
1 0.6377766895200783 0.8875513428120064 0.32427032321253674 0.0947867298578199