1 0.8152941176470588 0.2762480620155039 0.1989705882352941 0.05637209302325581
1 0.4543627450980392 0.28964341085271317 0.0812549019607843 0.05215503875968992
1 0.48333333333333334 0.40451162790697676 0.165921568627451 0.050744186046511625
1 0.5301176470588236 0.5165581395348837 0.1115686274509804 0.05778294573643411
0 0.18480392156862746 0.5257209302325581 0.3066666666666667 0.6427131782945736
0 0.9061862745098038 0.5778759689922481 0.13126470588235292 0.26215503875968993
1 0.665578431372549 0.6264961240310077 0.16329411764705884 0.06342635658914728
1 0.5158529411764705 0.6335503875968992 0.03314705882352941 0.06342635658914728
1 0.613892156862745 0.7406666666666667 0.272 0.0606046511627907
1 0.5800294117647059 0.8400310077519381 0.19000980392156863 0.053565891472868214
1 0.7979117647058823 0.8435503875968993 0.18559803921568627 0.05496124031007752
1 0.16206862745098038 0.8865426356589148 0.1988235294117647 0.04510077519379845