1 0.52163 0.256390625 0.17016 0.046875
1 0.5284500000000001 0.30681250000000004 0.18380000000000002 0.048296875
1 0.503 0.40128125 0.14016 0.04971875
1 0.5070899999999999 0.453125 0.14471 0.048296875
1 0.51118 0.546171875 0.14925 0.055390625000000006
0 0.22304 0.5838125 0.34188999999999997 0.6931875
1 0.46754 0.63778125 0.06743 0.051140624999999995
1 0.78842 0.639921875 0.19113 0.04971875
1 0.51663 0.73153125 0.16197999999999999 0.051140624999999995
1 0.81388 0.734375 0.24749000000000002 0.051140624999999995
1 0.5184500000000001 0.8224375 0.1638 0.048296875
1 0.77479 0.8267031250000001 0.17294 0.051140624999999995