1 0.4050143266475644 0.48013636363636364 0.114756446991404 0.054000000000000006
0 0.18787965616045843 0.5873636363636363 0.22839541547277936 0.4389090909090909
1 0.6332951289398281 0.625 0.0646704871060172 0.04831818181818182
1 0.4318624641833811 0.6306818181818182 0.166676217765043 0.056818181818181816
0 0.8804011461318051 0.6434545454545455 0.09873925501432665 0.19036363636363637
1 0.42469914040114615 0.7699090909090909 0.1487679083094556 0.05968181818181818
1 0.662865329512894 0.7705909090909091 0.12197707736389685 0.049727272727272724
1 0.8401432664756446 0.8728636363636364 0.21154727793696274 0.1320909090909091
1 0.43320916905444123 0.9112272727272728 0.16759312320916905 0.05822727272727273
1 0.13684813753581662 0.33809090909090905 0.19796561604584528 0.054000000000000006
1 0.39558739255014325 0.34377272727272723 0.09773638968481375 0.05968181818181818