1 0.42950520833333333 0.23714285714285716 0.16104166666666667 0.05460764587525151
1 0.4057942708333333 0.3233601609657948 0.11360677083333333 0.04887323943661972
1 0.7907942708333334 0.4124748490945674 0.18437499999999998 0.04887323943661972
1 0.3853255208333333 0.41319919517102616 0.0726953125 0.05605633802816901
1 0.36114583333333333 0.5001408450704226 0.0224609375 0.051730382293762575
1 0.8075390625000001 0.5037424547283702 0.21227864583333333 0.05317907444668008
0 0.186796875 0.5260160965794769 0.28561197916666664 0.5260160965794769
1 0.44950520833333335 0.6345271629778673 0.21220052083333332 0.07617706237424547
1 0.7912630208333334 0.6769215291750503 0.18902343749999997 0.05460764587525151
1 0.42997395833333335 0.7674647887323944 0.16384114583333334 0.05460764587525151
1 0.7907942708333334 0.7717706237424548 0.18809895833333334 0.060362173038229376
1 0.7489583333333334 0.8903420523138833 0.3610546875 0.15665995975855132