1 0.53185618729097 0.3105026455026455 0.1304180602006689 0.041772486772486773
1 0.5270066889632107 0.3627248677248678 0.1260200668896321 0.04317460317460318
1 0.5314214046822743 0.4191005291005291 0.12953177257525084 0.04732804232804233
1 0.5375752508361205 0.47478835978835976 0.1418561872909699 0.05013227513227513
0 0.17809364548494983 0.49359788359788365 0.2711538461538462 0.5527777777777777
1 0.5828929765886287 0.5256084656084656 0.1409866220735786 0.04037037037037037
1 0.622056856187291 0.5771428571428572 0.16827759197324413 0.0515079365079365
1 0.8675752508361203 0.5778306878306878 0.05568561872909698 0.041772486772486773
1 0.721505016722408 0.6335185185185185 0.2281438127090301 0.04732804232804233
1 0.7390969899665553 0.68505291005291 0.14719063545150501 0.04455026455026455
1 0.68938127090301 0.7372486772486773 0.14806020066889633 0.04595238095238095
1 0.8631939799331104 0.8026984126984127 0.22113712374581942 0.05431216931216932
1 0.834581939799331 0.9078306878306879 0.1568896321070234 0.11695767195767195
1 0.5397826086956522 0.2569047619047619 0.14625418060200668 0.04317460317460318