1 0.2595158597662771 0.3053743315508021 0.46223706176961604 0.05066844919786096
1 0.1936060100166945 0.36660427807486634 0.33220367278797996 0.049251336898395726
1 0.21994991652754592 0.4228877005347593 0.05632721202003339 0.03799465240641711
1 0.7506176961602671 0.4242780748663102 0.23919866444073457 0.049251336898395726
1 0.36447412353923203 0.4819786096256684 0.18375626043405674 0.05205882352941176
1 0.44398998330550915 0.5453208556149732 0.14951585976627713 0.05205882352941176
1 0.5028881469115192 0.7191176470588235 0.903338898163606 0.06754010695187167
1 0.49938230383973287 0.805668449197861 0.892787979966611 0.06331550802139037
1 0.49806343906510847 0.8837700534759357 0.8954257095158598 0.061925133689839575
1 0.3240567612687813 0.13088235294117648 0.143338898163606 0.04221925133689839
1 0.5112020033388981 0.18927807486631018 0.1943405676126878 0.04363636363636364
1 0.43871452420701174 0.24556149732620322 0.17060100166944908 0.040802139037433155