1 0.548852140077821 0.3878139850644942 0.29958063121487244 0.04921928038017651
1 0.40834198011240813 0.5100135777325187 0.02072200605274535 0.04921928038017651
1 0.812001729355815 0.5100135777325187 0.160222654561176 0.039035980991174474
1 0.5412732382187635 0.513408010862186 0.057494595763078256 0.04243041412084182
0 0.22949848681366192 0.570264765784114 0.3308517077388673 0.6890699253224711
1 0.4434695201037613 0.591479972844535 0.08881539126675314 0.035641547861507125
1 0.5088607868568957 0.6695519348268839 0.21959792477302206 0.039035980991174474
1 0.810380458279291 0.7501697216564833 0.15914180717682663 0.04752206381534284
1 0.5429074794638996 0.7595044127630686 0.2920125378296584 0.052613713509843854
1 0.537496757457847 0.8536999321113374 0.18393860786856894 0.12219959266802444
1 0.820108084738435 0.8621860149355057 0.17859706009511458 0.08486082824168364
1 0.46886943363597056 0.26221995926680247 0.13961521833117163 0.04921928038017651