1 0.42830882352941174 0.3444674556213018 0.08417279411764705 0.05775147928994083
1 0.6729411764705882 0.43603550295857985 0.148125 0.05775147928994083
0 0.5263419117647059 0.4768934911242603 0.06494485294117647 0.13384615384615386
0 0.20689338235294116 0.5184615384615385 0.3502022058823529 0.7410650887573964
1 0.7241544117647059 0.5452366863905325 0.24178308823529412 0.05917159763313609
1 0.4760110294117647 0.668491124260355 0.1708455882352941 0.054940828402366866
1 0.47645220588235293 0.7826035502958579 0.1769669117647059 0.05775147928994083
0 0.6847610294117646 0.8086686390532544 0.09474264705882353 0.1972485207100592
1 0.8611213235294117 0.8636094674556213 0.18841911764705882 0.06479289940828402
1 0.4992095588235294 0.9199704142011834 0.22597426470588236 0.11553254437869821
1 0.47819852941176466 0.1972485207100592 0.1857169117647059 0.04508875739644971