1 0.514003294892916 0.3081842105263158 0.21258649093904447 0.05678947368421052
1 0.6696210873146622 0.43976315789473686 0.0643657331136738 0.05123684210526316
1 0.7775617792421746 0.43976315789473686 0.05831960461285008 0.05123684210526316
0 0.2214003294892916 0.5027631578947369 0.3416968698517298 0.6731315789473684
1 0.8269851729818781 0.5228421052631579 0.15542009884678748 0.04847368421052632
1 0.49059308072487645 0.6218947368421053 0.16056013179571663 0.05818421052631579
1 0.8438879736408567 0.6239736842105263 0.18403624382207578 0.059552631578947364
1 0.4888632619439868 0.7174473684210526 0.15881383855024714 0.05539473684210527
1 0.16807248764415156 0.8829736842105262 0.1899670510708402 0.07063157894736842
1 0.5174794069192752 0.9002894736842105 0.23164744645799012 0.1163421052631579
1 0.7108072487644151 0.9501315789473684 0.1415321252059308 0.05539473684210527
1 0.46110378912685335 0.2243684210526316 0.11546952224052719 0.05263157894736842