1 0.5689317773788151 0.28236130867709813 0.15905745062836624 0.05547652916073969
1 0.5343716337522442 0.4317211948790896 0.08993716337522441 0.06116642958748222
0 0.1874685816876122 0.49359886201991465 0.2451436265709156 0.5206258890469416
1 0.505197486535009 0.5782361308677099 0.027998204667863555 0.049786628733997154
1 0.740359066427289 0.5796586059743954 0.045996409335727115 0.044096728307254626
1 0.8045421903052065 0.6721194879089616 0.17077199281867148 0.05263157894736842
1 0.5621992818671454 0.6770981507823614 0.14559245960502692 0.05405405405405406
1 0.7919748653500898 0.7716927453769559 0.14563734290843808 0.05547652916073969
1 0.561750448833034 0.7738264580369844 0.14289946140035906 0.05689900426742532
1 0.5653411131059246 0.8669985775248933 0.1482854578096948 0.05263157894736842
1 0.24222621184919207 0.8762446657183499 0.39594254937163376 0.13086770981507823
1 0.769084380610413 0.8769559032716927 0.09627468581687612 0.06685633001422475