1 0.49654296875 0.28612403100775197 0.254052734375 0.07328682170542636
1 0.4299609375 0.4326976744186046 0.12265625 0.06483720930232559
1 0.4117578125 0.5658914728682171 0.082705078125 0.05215503875968992
1 0.69849609375 0.5680000000000001 0.336650390625 0.050744186046511625
0 0.182744140625 0.6025426356589147 0.32943359375 0.7033178294573643
1 0.617705078125 0.6744186046511628 0.1715234375 0.05215503875968992
1 0.848505859375 0.6765271317829458 0.1431640625 0.050744186046511625
1 0.597734375 0.773782945736434 0.131572265625 0.04792248062015504
1 0.84716796875 0.7751937984496124 0.138720703125 0.053565891472868214
1 0.8671484375 0.8661085271317829 0.18578125 0.05778294573643411
1 0.480556640625 0.8992248062015504 0.2238671875 0.07893023255813952