1 0.4500857632933104 0.22849462365591397 0.14507718696397942 0.051075268817204304
1 0.4153516295025729 0.3165322580645161 0.0704631217838765 0.04973118279569892
1 0.40034305317324187 0.4025537634408602 0.049022298456260716 0.05241935483870968
1 0.5808662092624356 0.4032258064516129 0.19913379073756432 0.0456989247311828
1 0.8248370497427101 0.4092741935483871 0.2154802744425386 0.04704301075268817
1 0.46466552315608917 0.4946236559139785 0.1776672384219554 0.051075268817204304
1 0.6970583190394511 0.4959677419354839 0.09882504288164666 0.051075268817204304
1 0.5525643224699828 0.5793010752688172 0.17339622641509433 0.0456989247311828
0 0.18211835334476845 0.5900537634408602 0.2968010291595197 0.6182795698924731
1 0.5654288164665523 0.6975806451612904 0.20427101200686107 0.053763440860215055
1 0.5529931389365351 0.8051075268817204 0.18283018867924528 0.07526881720430108
1 0.8098370497427101 0.8951612903225806 0.32266723842195544 0.1478494623655914