1 0.34054794520547943 0.5147391304347826 0.6028219178082191 0.05608695652173913
1 0.49654794520547946 0.6984782608695652 0.8617534246575344 0.05608695652173913
1 0.49654794520547946 0.7756086956521738 0.8635342465753425 0.06169565217391304
1 0.49654794520547946 0.8541304347826086 0.8635342465753425 0.06730434782608696
1 0.1593972602739726 0.13043478260869565 0.24046575342465754 0.07013043478260869
1 0.7722191780821919 0.17321739130434785 0.19906849315068492 0.05469565217391304
1 0.10460273972602739 0.22369565217391305 0.13087671232876713 0.040652173913043474
1 0.10413698630136986 0.3393913043478261 0.12997260273972602 0.050478260869565215
0 0.8999178082191781 0.37869565217391304 0.13457534246575342 0.26369565217391305
1 0.15186301369863014 0.4305652173913044 0.22895890410958902 0.042086956521739126
1 0.7456986301369863 0.4319565217391304 0.12835616438356165 0.05330434782608696