0 0.18352480417754571 0.5867901234567902 0.24407310704960836 0.5463374485596707
1 0.3410443864229765 0.6037860082304527 0.0208355091383812 0.03831275720164609
1 0.44953002610966053 0.6066255144032922 0.06318537859007833 0.04967078189300412
1 0.7817232375979112 0.6066255144032922 0.2018798955613577 0.05534979423868312
1 0.7700261096605745 0.6825514403292182 0.1568668407310705 0.04539094650205761
1 0.43018276762402086 0.6868312757201647 0.1973107049608355 0.048230452674897124
1 0.43109660574412534 0.7705349794238684 0.1973107049608355 0.04255144032921811
1 0.4594516971279373 0.8819341563786008 0.24861618798955612 0.10925925925925926
1 0.8069451697127937 0.8982716049382716 0.16046997389033943 0.07662551440329218
1 0.8631853785900784 0.32213991769547323 0.1595822454308094 0.05674897119341563
1 0.41668407310704964 0.3902469135802469 0.1883028720626632 0.11069958847736625