1 0.48690839694656485 0.5938461538461538 0.13919847328244275 0.04366863905325444
1 0.49236641221374045 0.686094674556213 0.15374045801526717 0.04224852071005917
2 0.49190839694656485 0.7656804733727811 0.15099236641221375 0.10568047337278107
2 0.7186259541984733 0.7833136094674555 0.1683206106870229 0.08455621301775147
2 0.21251908396946564 0.8628994082840238 0.2954198473282443 0.08591715976331361
1 0.49461832061068706 0.867869822485207 0.15099236641221375 0.06479289940828402
1 0.7172519083969465 0.867869822485207 0.15832061068702288 0.05917159763313609
2 0.589618320610687 0.12254437869822486 0.3427480916030534 0.16627218934911245
2 0.23293893129770993 0.12254437869822486 0.3345038167938931 0.15781065088757398
2 0.5455343511450382 0.22893491124260354 0.254618320610687 0.029585798816568046
1 0.5837022900763359 0.29727810650887576 0.32549618320610685 0.09579881656804734
2 0.5777862595419847 0.3965680473372781 0.32095419847328244 0.03242603550295858
1 0.5173664122137405 0.44733727810650886 0.19099236641221373 0.046508875739644975
2 0.5164503816793893 0.5184615384615385 0.1964503816793893 0.09017751479289941
0 0.20931297709923666 0.5226627218934912 0.2945038167938931 0.51
2 0.7045419847328245 0.5776331360946746 0.13652671755725193 0.08171597633136095