2 0.47474193548387095 0.3061892583120205 0.2071290322580645 0.046879795396419434
1 0.4738387096774193 0.37156010230179026 0.2089193548387097 0.0610997442455243
2 0.47517741935483876 0.4532480818414322 0.206241935483871 0.03979539641943734
1 0.4111129032258064 0.5107928388746803 0.07988709677419355 0.05542199488491049
2 0.5280483870967742 0.5953452685421995 0.3191451612903226 0.03979539641943734
0 0.17996774193548387 0.630153452685422 0.32533870967741935 0.6720716112531968
1 0.44785483870967746 0.642225063938619 0.15874193548387097 0.045473145780051155
2 0.5638870967741936 0.7367263427109975 0.39619354838709675 0.03268542199488491
1 0.49220967741935484 0.7821739130434783 0.24566129032258066 0.03836317135549872
0 0.894032258064516 0.8084654731457801 0.14091935483870968 0.26997442455242965
2 0.5164032258064516 0.880230179028133 0.2958387096774193 0.03836317135549872
2 0.735 0.880920716112532 0.09519354838709677 0.034092071611253195
1 0.7031935483870968 0.9207161125319693 0.026193548387096772 0.03979539641943734
1 0.446516129032258 0.922148337595908 0.15067741935483872 0.045473145780051155
1 0.4837096774193548 0.11864450127877238 0.6282258064516129 0.07529411764705883
2 0.3985967741935484 0.20104859335038364 0.4579838709677419 0.069616368286445