2 0.443296875 0.2999014778325123 0.149046875 0.031871921182266005
1 0.45615625 0.3578571428571428 0.176625 0.06665024630541871
2 0.43778125 0.42088669950738916 0.16375 0.03332512315270936
1 0.43915625 0.4723152709359606 0.14628125 0.06086206896551724
2 0.47546875 0.5425862068965517 0.24095312500000002 0.03911330049261084
0 0.19424999999999998 0.5824384236453202 0.2758125 0.5505665024630542
1 0.4345625 0.5940394088669951 0.140765625 0.04926108374384237
2 0.850421875 0.6309852216748769 0.2336875 0.07967980295566503
2 0.5099375 0.6534236453201971 0.308046875 0.043472906403940886
1 0.881671875 0.7084975369458127 0.16568750000000002 0.052167487684729064
1 0.48373437499999994 0.7142857142857143 0.24279687499999997 0.057955665024630544
1 0.567375 0.8135221674876848 0.340234375 0.0883743842364532
1 0.88534375 0.8975615763546798 0.1565 0.042019704433497534
1 0.44834375 0.9279802955665024 0.151796875 0.053596059113300495
1 0.6459374999999999 0.9287192118226602 0.036046875 0.037660098522167486
2 0.856859375 0.9533497536945813 0.25206249999999997 0.06086206896551724
2 0.662015625 0.9663793103448276 0.06637499999999999 0.026083743842364532
2 0.482359375 0.9671182266009851 0.21614062500000003 0.024630541871921183
2 0.40703125 0.13113300492610838 0.7473124999999999 0.21876847290640392